20160721	0
20160915	1
20160313	2
20160606	3
20160401	4
20160704	5
20160805	6
20161028	7
20160819	8
20160716	9
20160103	10
20160608	11
20160124	12
20160129	13
20160827	14
20160503	15
20160224	16
20161208	17
20161228	18
20160614	19
20161226	20
20160623	21
20160511	22
20161015	23
20161216	24
20161021	25
20160620	26
20160226	27
20161213	28
20160613	29
20160208	30
20160514	31
20160826	32
20161024	33
20161106	34
20161119	35
20160502	36
20160126	37
20160108	38
20160825	39
20160206	40
20160906	41
20161031	42
20160725	43
20160408	44
20160820	45
20160326	46
20160713	47
20160803	48
20160211	49
20160430	50
20161218	51
20161030	52
20161117	53
20160311	54
20160624	55
20160611	56
20160125	57
20160324	58
20161124	59
20160320	60
20160317	61
20161009	62
20160829	63
20161130	64
20160128	65
20160321	66
20161227	67
20161120	68
20161201	69
20160201	70
20160312	71
20160621	72
20160118	73
20160522	74
20161011	75
20161230	76
20160918	77
20161018	78
20160907	79
20160420	80
20160815	81
20160409	82
20160720	83
20160930	84
20160422	85
20160322	86
20161129	87
20160403	88
20161229	89
20160315	90
20160107	91
20161001	92
20160714	93
20160106	94
20160504	95
20161219	96
20160801	97
20160325	98
20160924	99
20160203	100
20160617	101
20160426	102
20160901	103
20160727	104
20160520	105
20160210	106
20161004	107
20160202	108
20160529	109
20160717	110
20160626	111
20160811	112
20161013	113
20161104	114
20161126	115
20160804	116
20160130	117
20160913	118
20161202	119
20161224	120
20160309	121
20160911	122
20160425	123
20160712	124
20160722	125
20160821	126
20161111	127
20160213	128
20160515	129
20160708	130
20160220	131
20160928	132
20160116	133
20160415	134
20161205	135
20160919	136
20160920	137
20160605	138
20160616	139
20160404	140
20161128	141
20160207	142
20161022	143
20161116	144
20160921	145
20160513	146
20160112	147
20161014	148
20161103	149
20160615	150
20160824	151
20161109	152
20161211	153
20160527	154
20160625	155
20160831	156
20160603	157
20160517	158
20160802	159
20161023	160
20160331	161
20160105	162
20160421	163
20160508	164
20160719	165
20160308	166
20160818	167
20160428	168
20160219	169
20160610	170
20160816	171
20161025	172
20160910	173
20161102	174
20160113	175
20160607	176
20160627	177
20160830	178
20160602	179
20160622	180
20161121	181
20160731	182
20160530	183
20160316	184
20161206	185
20160117	186
20160221	187
20160101	188
20160916	189
20160806	190
20160629	191
20160330	192
20161112	193
20161003	194
20160812	195
20160612	196
20160301	197
20160518	198
20160509	199
20160414	200
20160723	201
20160303	202
20160628	203
20160411	204
20160810	205
20160523	206
20160701	207
20160119	208
20160227	209
20160929	210
20160505	211
20160323	212
20160711	213
20160703	214
20160121	215
20160418	216
20160726	217
20161223	218
20160314	219
20161207	220
20160702	221
20161010	222
20161017	223
20160416	224
20160618	225
20160813	226
20161115	227
20161122	228
20160609	229
20160729	230
20161007	231
20160823	232
20161105	233
20161123	234
20160319	235
20161118	236
20160223	237
20160912	238
20160204	239
20160927	240
20160424	241
20160302	242
20160521	243
20160710	244
20161212	245
20161221	246
20160922	247
20161209	248
20160809	249
20160413	250
20161203	251
20160215	252
20161215	253
20160419	254
20160905	255
20160127	256
20161127	257
20161231	258
20160528	259
20161214	260
20160328	261
20160216	262
20160217	263
20160327	264
20160718	265
20160402	266
20160228	267
20160115	268
20160212	269
20160828	270
20161210	271
20160110	272
20160923	273
20160102	274
20160318	275
20161006	276
20161114	277
20160304	278
20160619	279
20160926	280
20161204	281
20160417	282
20160902	283
20160310	284
20160214	285
20160209	286
20160925	287
20161222	288
20161113	289
20160407	290
20160307	291
20160501	292
20160531	293
20161125	294
20161108	295
20160604	296
20161225	297
20161217	298
20160329	299
20161220	300
20161101	301
20160908	302
20161008	303
20160429	304
20161019	305
20160728	306
20160524	307
20161016	308
20160506	309
20160114	310
20160510	311
20160122	312
20160305	313
20160412	314
20161005	315
20160306	316
20160519	317
20160410	318
20160601	319
20160914	320
20160120	321
20160507	322
20161026	323
20160131	324
20161027	325
20160205	326
20161029	327
20160218	328
20160706	329
20160730	330
20160917	331
20160516	332
20160225	333
20160909	334
20160222	335
20160406	336
20160109	337
20160405	338
20160709	339
20160229	340
20160904	341
20160104	342
20160111	343
20161110	344
20160423	345
20160715	346
20160630	347
20160822	348
20160707	349
20160123	350
20161107	351
20160705	352
20160808	353
20161002	354
20160817	355
20160525	356
20160512	357
20161012	358
20160724	359
20160427	360
20160814	361
20160903	362
20160526	363
20160807	364
20161020	365
